4520.76593443574
4761.031946376985
4790.0578762786845
5131.804118759515
6222.44303340457
5290.30966740418
5391.907119422225
4905.518983623409
6437.76410228677
5982.62707452358
6895.754983333045
8136.544850583101
6889.81770661908
8087.321701528115
7583.629215912245
7506.447578839205
7949.461555367425
6090.163812912309
5664.855769202135
5751.537625970815
5421.674971788405
20991.7969091825
5121.430172825545
4771.8266933748455
5392.02669186092
5071.724548517045
5261.22925485453
4923.994119074485
5811.39072058354
6714.030758126445
6051.164637638814
5023.36972797581
6782.67182002874
10596.7132162463
10566.010891241
9198.966130269218
9139.699124398325
6528.694661998316
9169.480467000496
9113.93577643163
8796.32148998294
7159.692556634305
7204.958559744135
5536.169817506595
6702.14132461513
6349.788254994285
5468.38512359628
7082.53427753105
4446.87339466003
4618.50014661762
4872.400448392365
4471.186569645361
4549.72840285165
4708.652227099376
5395.320213981205
4961.87119124955
5260.120628861305
5348.66297352898
7880.22540064229
8787.3153912796
6199.628077275135
5618.29599752839
5138.9261682217
4995.56191024018
15645.653228314652
14871.12490524925
6339.933506937875
6426.590862856096
6637.509090383515
6267.100251956785
6235.468966600431
6229.421823957765
5971.214259770544
7449.60875604303
5901.780866096365
6048.11338527845
7646.362917223695
7345.449945528049
6458.84045814932
7160.83471950841
8120.937614122395
7422.75769886538
8293.605454016655
6039.72432919418
6278.038826966214
5973.65015323241
8098.276521072935
11149.86012973055
13646.71542815125
11717.93997532985
7174.291128097735
6937.483743756375
7236.707337757165
6296.566413085555
7603.916827772589
5499.261499685879
6119.819335349504
6634.18114294388
7995.08229648769
7638.660208409095
6055.9085951956495
6369.78839946745
7282.662277274954
8882.224053804199
8491.945341346514
7145.379308816615
9188.347519423203
9289.14910615544
4682.85332995327
5843.563486677625
5271.115775735159
7647.135529254905
6085.647406354176
5421.74275021453
4993.0796460177
7353.52871527814
7373.585506041145
6093.76201158645
7186.495475760675
6059.06601446549
14269.23942013265
15474.6901920229
11653.92809877465
10195.770761818574
10787.0597298855
10951.84975140915
11386.8255186106
7722.73832561217
7703.686826703595
7156.00986966438
6413.46856409129
7990.120859643424
7547.717413518525
7716.9264593167645
9277.499731446223
7710.24083453525
7662.91681819961
6123.610869639249
7505.92548212681
7962.012107986455
8760.208532345665
11473.8963130067
13554.1065400332
6646.888849125829
5672.81863329496
5564.415350012416
5328.99531958397
5452.669284311205
6628.416339808835
8899.71118880674
8157.429073266305
5634.5991672338005
4984.79184516163
