4520.76593443574
4761.031946376985
4790.0578762786845
5131.804118759515
6222.44303340457
5290.30966740418
5391.907119422225
4905.518983623409
5706.53755978859
5637.41958414786
5474.46931483927
5203.7052852129655
6563.882122809765
6432.252087655415
5235.74856942019
5147.808982657395
4507.77232934397
5006.164208213306
4871.83978448573
5517.13049045973
6830.553894536355
8256.46949520335
4585.692864084575
5581.019636853654
5071.317932151915
4461.787023452975
4033.544759907035
4115.511387164475
4477.20112740687
4926.08447968523
6962.89709283483
6896.07523249006
4898.047996307465
4708.2370350098245
7612.76450490715
6246.63157623505
6029.55322414449
5924.62550220758
6078.064287895475
5829.450290781955
4770.857778919425
4481.139517659765
4589.533927823815
5365.35529062718
6066.7588007626855
6237.192363591576
5214.791264299511
5995.148645315045
5710.628433280061
4395.1087512226495
4264.558502737775
4411.031150941901
4578.76605203964
5477.44143881553
5677.714707242471
5058.443859007915
5379.9901038688295
6902.678016344925
5308.505717856395
5153.46803427319
5738.8189525897305
5513.878957592555
5346.352312866666
7978.131232900395
7204.311774687245
6789.64272456663
6073.44577437385
6549.47912000689
5623.74524228479
4980.979603230545
5297.39836766141
5376.35320060831
14492.09903608465
10500.566592571398
10036.31193577172
7493.065992059055
6675.069393043004
5539.433348225005
5730.9717443685695
5571.793444241735
4988.454715551919
4978.32682719724
5007.315040145086
5109.591038969234
4796.108162062275
4484.882743745486
4946.45855057332
4624.555834636615
5643.096703226055
5378.301178320686
6460.235366660854
5660.25399668483
6256.652283141955
5730.264054128745
4950.597964256094
4151.727130382145
6273.73495801742
4823.502465817405
4765.355572013101
5117.810171794985
4895.122711479045
7986.568760293675
9782.10827512078
10563.98116808055
9147.890900454884
10717.2035834537
5033.58506026336
6638.231041158435
5080.245105619935
5687.499055751545
5574.840575715475
4996.417198206585
5480.519430491506
4954.4439859164
4966.7690976677695
5340.4446871459895
5364.52601229642
6083.046971881395
4057.879724534125
4284.587151343575
4385.17120599756
9335.88354842414
7710.689231556825
6374.48208450639
10303.070718488443
6061.180367956595
4693.553827791255
5657.947453004796
4704.190193616891
5360.541175330855
6141.279335561125
10447.944219751347
9692.079832863845
8786.978816977455
12573.74639872185
13204.1915286659
12465.4982457018
10024.61939219731
12248.26271371725
10879.17686427025
9517.091917890444
12816.5779870752
5226.259232208606
5420.689888507684
5304.415088706225
4447.974583930851
4125.92562525583
4988.545392608976
4589.1050098974
4885.645038344304
4939.21595456826
4559.7674022141
4240.968485823255
4267.297705795725
5008.65559009745
4291.550728206095
4208.69452876133
5082.75624545272
4226.39138335514
4583.625489385565
4987.917952841441
6748.7247765509
7298.3339426516595
14011.65096497325
9078.086355751137
9221.588996598117
6792.28454474722
6172.789574717544
7543.079455466005
5577.1855879931045
5375.673349481845
5596.45691664486
6009.109636461035
6356.091860439376
7991.651831183165
7963.607691645395
6371.93821458887
6918.217126397685
5235.621180998005
4875.3946203520645
4984.12219907661
4803.21597734015
5102.082954287274
6066.445601132074
5674.104516492405
6288.150088934735
5817.46107443429
4594.62645333292
4535.433628556145
4955.3614902697
5018.130397148375
4177.07874300225
4479.66667141131
5151.0370296987
4823.97417491583
6565.478416969156
4802.869138540766
4822.6930731271
4874.06060848199
4675.145025435075
4419.928858521775
4749.618658232404
5299.940381008785
5162.81115080233
5760.400767811885
6106.06432017329
5420.358680132425
6055.325828597425
5710.95668896382
5466.365722118995
4913.432962321365
4617.1576459555545
5672.81507791214
4990.52359668394
4959.5806965827305
4369.1891324083645
5129.651180556275
6606.36444782771
5143.004464566435
5982.05766164494
8726.37407612952
9970.89641936131
9344.671274464836
12133.46356035715
8901.931342902306
7874.3001414491955
5551.11915326309
4767.32619080628
4666.27952932792
4513.430337624475
4450.455956459369
5514.197385348275
11161.2241211702
4663.303316886665
4697.720631679855
4463.408868896795
4311.974198880946
4460.682956394145
4234.458261300095
5752.442704064595
6864.759523502789
4537.50761974407
5162.643320107755
4208.599894531725
3887.429317733065
4432.2526264198295
5349.33912940319
5481.80174514582
6201.780171939259
5990.714039770185
8139.174000181235
7377.2237030318
5907.776831311295
5731.918398164846
5652.646675450154
5531.804056603065
5841.2261931678
6253.83768651625
6613.703206099635
5024.22333849212
4862.13611698214
10562.7232792227
12428.711138736551
13000.60227861175
16333.34762736995
11623.3856029741
5949.24319766788
7237.7359812267805
6282.035865821779
5465.29882494283
5764.2511716843655
4813.735756169544
4507.152199795895
4418.605564520455
5858.653914223085
6076.0797321629
4735.085303066675
4993.2141667654105
4990.851254443685
5540.342406025995
6365.363110684785
6742.93577007434
5897.93349151305
5135.285445649395
5223.60620159013
7678.363173044605
10233.9056653207
7630.179189449325
6315.5864731221445
8826.27361373112
5811.53087308243
5123.089017982355
5267.37911009552
6796.182524620945
5957.14322401778
4515.978246789055
4737.736053120036
5793.204103304255
4722.34225595535
5299.374681551375
4726.421620985995
4739.416641660984
4734.910076075204
4933.7275329074855
5256.2695258607855
5517.26971784966
5181.011887276915
5376.5847350491695
5197.523546530136
4667.104412164935
5015.567708810855
6676.39830406948
5626.872714243645
6222.718683745805
4863.540267521939
5632.682493439945
4548.55621194414
5642.4586991837095
5210.689513585565
11680.73601806305
9287.57613176089
12846.55508486115
12416.25572013815
9173.507587843083
7569.231922747234
9541.1117306348
13321.1799484825
13967.48734779015
4998.9500298270505
5197.92398619132
4815.385279495635
4608.9495963041245
5018.017144776185
5638.353904584395
5672.81863329496
5564.415350012416
5328.99531958397
5452.669284311205
6628.416339808835
8899.71118880674
8157.429073266305
5634.5991672338005
4984.79184516163
