6760.237830786722
6847.889755504329
6489.534982503905
7041.738160865736
7046.75488580958
7276.301940517065
6777.298826641743
6487.886079712842
7245.740610988737
7035.491418215518
6737.642163908195
7134.298880072818
6631.99153511668
6631.271751436653
7686.701680549722
6734.487891744221
6776.387369055594
6706.754998017768
6535.291197857297
6890.647736744515
6436.228642545397
6483.500313530759
6567.691839491411
7091.3403763059805
7045.100620390224
6877.998808176757
6847.067458782195
6601.338616682036
6645.461310442466
6715.165474628027
7011.762585985528
6528.98537481285
7037.292478395569
7149.138411509375
6816.539175134999
6547.354121860546
7202.192693508326
6476.838790158476
6982.338821395415
6958.354969523422
6521.344067337663
7459.458426727112
6692.678059767657
6528.118822691324
6318.738910971308
7051.7877031094495
6684.025703239204
6378.980415462751
6530.442583236829
6783.452386926301
6501.483172368165
6853.761105964486
6925.264583540499
7326.96729994275
6630.461653426693
7176.165053534448
6387.150701878547
6646.1928428876
7031.17110316143
7707.963578360471
6596.286045202449
7151.133168776147
7261.9601767021795
7106.215135104867
7193.345360554628
6859.4234356445795
6506.203627233797
7261.398903961926
6545.020407831114
6390.4970737194335
6928.911980495885
6696.3254909115285
7085.069722404666
6886.49792516998
7158.209205445272
6714.514693408245
7165.556473932952
7190.485848144939
6795.151758532749
6571.0475824399655
7146.196258294168
6521.0000600051935
6395.08144159169
6787.941919210232
7210.559592327412
7290.091832008198
6444.395925051882
6932.881832755199
6730.333044180571
6951.836066282941
6597.591477124473
6913.445618698249
6729.295160609628
7077.341888160875
6640.1492815843085
7594.561842466751
6845.202706366264
6458.430476751006
6653.6356058649335
6698.712792416811
6781.465276326753
7310.064916434155
6574.86609538393
7020.145940027803
6900.865693800381
7134.613752266793
6639.023667713413
6692.869556160772
7030.442607092412
7228.618941800795
7105.87594220145
6932.865585600596
6561.1794440754375
7331.923086932127
7120.289691406849
6575.2203104571445
7115.753102438071
6938.768879116658
6777.702314830739
6631.8576115548085
7133.503802285897
7106.9950306818855
6406.745472543529
7001.872418185586
6573.682064262477
6717.577815675715
6938.604216106589
6564.620341212886
6498.390460540779
6759.70601191723
6523.494244774649
6324.13202497372
6583.872843636763
6801.662671573581
7149.000066628413
6635.750633746672
6917.779580273017
7290.207738850626
6708.973263912897
7199.515951201961
7047.992463579654
6812.591363285427
6769.949066060587
6464.781269467984
6912.413064837838
6818.615559676144
6523.1145521570725
6423.523546541884
6677.13990629265
7079.545922774504
6555.568532674977
6908.005924618545
6665.543038527166
7283.435642237475
6907.462881948593
6578.648910353376
6654.449032381846
6954.194927604811
6775.716018965786
6990.583596740321
6982.467350161859
6882.1851553384195
6558.269334471834
6577.044806183909
6607.736832453698
7142.545270269389
7128.63650698848
6463.500958344275
6395.729015208533
7015.034556885206
6933.866162040038
6959.293868731371
6724.902741112484
6763.738348600734
6761.96529730128
6820.4536239115705
7232.557758283789
6771.539117529137
6782.420606496115
7128.142179572573
6974.8346088961
6782.226094065569
6587.24349175328
6358.108565036548
6500.548311337826
6913.315230602799
6499.630238561959
6300.075258338048
6418.6091673421315
7383.299536705796
7276.026281680625
7454.469332246521
6842.387477665188
7020.879720361798
7154.414112475914
6870.4336809546285
6543.641740560245
6534.902296105133
6895.045944126352
6567.969608442741
6848.33337101588
6747.527049684917
6379.622800306071
7669.3560924799785
6537.8033825665525
6852.665582626
6380.626128437809
6696.775153683873
6799.17254133659
6441.789000312179
6948.329449357608
6078.084263123291
6968.745654610593
6666.0402032578295
6445.993642578638
6778.777042379378
6598.575133246728
6581.392870203462
6776.2872757312325
6932.427691482111
6449.784025712742
6983.693913574328
6910.911615605229
7154.604927298278
6348.2003537250175
6474.01495427566
7145.873363462138
6952.685414523445
6936.8383792331615
6821.096771597762
6648.878820173298
7053.3513973546005
7352.3350177133025
7065.880930957293
7129.001552025179
6547.179665194727
6577.528467665052
6732.098855690726
6890.8294959324385
6896.455187592221
6756.3322327760925
7266.508273611888
7211.958192438067
6561.672948437605
6432.7450814750755
7051.449077683468
7506.3426053181465
6941.705418088712
6735.045799379708
6720.559790498878
7104.094767806731
6466.549637655554
7145.996757869805
6771.527123970491
6782.931413098702
6566.790463515141
6574.268664369212
6732.641036973813
7059.662200887848
6958.130590938855
7435.722000468754
6646.2041199853575
6406.9453739875735
7466.927844657548
6710.576135893951
6991.547082775034
7262.419061134401
6626.010156669804
6862.170642843518
6844.447486696937
6344.786749784327
6730.355695370185
7084.776076063153
6817.684708593819
7138.340970368882
7149.005420203209
7332.913750860534
7612.1174646357595
6849.232891105191
6691.348926618477
6727.920404961571
7246.430539611284
7026.430328956642
6912.046781199741
6629.318022603212
6426.520216983504
6669.869165511949
7173.455802428017
7880.979618959963
6788.276361406524
6356.142474062059
6870.504764191762
6809.312320157334
6313.7908326163715
7014.016955807241
6881.7108734953845
7017.777511810116
7143.910529648855
6515.368542703729
7631.447755781078
6804.037022220992
7083.823595569509
6870.806008738637
6521.719270158219
6942.0767982244415
6787.167649200968
6375.1671564894
6220.2159220200365
6978.105759987533
6833.359713764464
6986.444449198881
7105.058677464517
6641.7840590974265
6417.744314465161
6410.764475082239
6373.084313081579
6476.603968268072
7028.115323351436
6837.960451102314
7597.391448280925
6746.588931477395
7304.252254719634
6520.532442925167
6855.230536958185
6839.783252471495
6713.178489496057
6574.566641133229
6876.791367680832
6822.662083177557
6555.713944623589
6681.569052316919
7037.533048992388
6889.695126452123
6343.071088143754
6777.231286446521
6643.883819816694
6991.647215375372
7341.658334752082
6814.631687486303
6528.534536046161
7606.797936080285
6761.348336073805
6871.9371989744395
6879.140182029449
7025.120661944829
6862.594574049907
6745.055706140514
6743.523191612785
7185.111640599345
7297.415142794017
6744.2918891725685
6514.349836171585
6972.629213691558
6424.722691776427
6577.478529955685
7296.68662609938
6965.024708012818
6762.308257735261
6791.727463322318
6849.590267839785
6623.114071954995
6877.354409600453
7162.404786909143
7069.369994241236
6306.7362015764875
6739.295592579032
6352.9327228624425
6867.739946697071
6566.238960168725
6896.11548043319
7222.415458783865
7237.111524530793
7302.255710028612
6824.653456761447
6919.708230878649
7125.476615647714
6800.609074743609
7056.699074896813
6667.781074561309
7040.352992357285
6679.042081777712
7488.803741408678
6545.345346813887
7114.076611886183
6666.828261931564
6648.520046842801
6682.428981083005
6605.5029044406865
7086.036785096982
6496.56029866159
6477.273308626293
7192.82215669558
6245.611002959826
7006.309628714062
6536.419951535159
6809.294116527121
6606.0188449093675
6834.1886821391445
6993.855444628146
6872.540797112121
6533.91372648031
6464.407873748167
7183.387044190101
6760.109791105529
6324.42337738285
6872.544376126146
6527.875569754725
7045.32582712677
6648.398141538108
6767.60564551948
7163.68660356653
6746.807685918687
6696.654816725355
6826.834994810372
6438.751184984966
6424.138305726193
7039.243572425451
6382.949253198419
7175.447999360457
6524.61053738807
6460.282681744057
6683.700744014319
7239.205059536343
6565.428758677971
6764.962047889343
6798.548031481139
7249.310840764108
6800.763252611209
6508.395568617481
7080.464356266023
6589.295739712987
6641.568518860713
6838.493710354916
6641.266680105069
6876.558697395286
6749.964223712922
6665.912149970825
6725.527433609127
7332.53195660252
7055.856242726362
6837.217870330051
6727.861768885063
6685.124679102679
6266.648819018505
6436.047687514889
6772.517856165802
6949.164479338213
6710.726052630388
6293.325959267956
6411.143288043479
6649.437461759371
6784.417875207411
6531.992015769237
6655.589493899176
7159.368302468972
7042.234274964463
6961.780648383575
6713.274023294632
6637.303780612543
6658.1251991537365
6582.1507210473
6787.9174190795175
7079.445480462362
6871.886450828403
6704.226782314567
6949.688394014559
7266.359796042893
6651.841989112558
6991.810183571431
6715.25413526205
6809.03414944051
6484.891275960942
7737.724563363854
7325.59604850647
6946.752682320601
6106.433179634325
7149.656938050635
6312.844785715899
6312.8671371674645
6346.2965721855835
6799.456303574566
6231.446476474982
6691.0647509335895
7221.510503188966
6665.150987986972
6799.251802442804
6674.532177444593
6957.647840536668
6604.898259684977
6664.062014239567
6979.927890088651
6814.278912887692
6498.5236755037695
7119.499185603172
6924.378149451897
7453.981449963975
6743.559890829909
6928.165196389515
7087.98912571052
6806.364671428641
7164.258701167977
6986.099661246436
6885.038983745285
6681.086603828656
6890.084864538114
6772.9964153892115
6829.069582201014
6911.570151054507
6472.4448268288
7068.305951044038
7146.172168991808
6572.335108387553
6323.116560678032
7244.944262773363
6740.576550836242
6890.570357521317
6785.406818548121
7125.543298312203
7197.92374458963
6757.332789772027
6617.23741482576
6817.552162199002
6503.820409022743
7075.72877425868
7110.670544274839
7094.606387832615
7236.098755673282
6254.941530609178
7226.657622487665
6567.55207953308
6435.031526066329
6754.385036745499
7101.314796832754
7488.379432624652
6841.47787286414
6878.429032857262
6629.072499707593
6515.08703419646
7012.262745962756
7216.595510543621
7183.856767328405
7188.878525578044
7283.420036033865
7285.372301437889
6681.357746724125
6719.338325858976
7121.6437633630785
7065.468158624105
6382.021142472694
6534.085178642381
6765.541400003307
7354.595696214791
6875.360535009824
6912.229876433466
6499.3898464969
6712.82913732959
6742.765510493351
6534.23123909272
6553.608761084415
6711.667396782763
6568.846128676612
6470.66103523226
6509.276670168484
7360.175447539609
6682.848906250077
6413.166562078223
6510.283970333853
6922.514731615827
6924.570868196358
7138.499197870797
7000.360976932897
6726.193189580704
6693.96852991094
7196.5606780165745
6690.829410372854
6795.25418593142
6851.956606473829
7250.881168247076
7310.735449062705
6991.357239060349
6569.404662574815
7009.961174792335
7038.449780980143
6338.55778203405
6895.947807940885
6901.358946921115
6578.4114213748435
6667.706677307712
7094.999975362376
6677.4011427757705
7234.043763443654
6791.474613131724
6889.949001799214
6664.013878049209
6754.118550757232
6725.482923617354
6962.088803550358
6692.42970436128
7171.660202484034
7318.379584266861
6486.868198768341
6816.228272655735
6731.215382029194
7269.186166758927
7333.10860526404
6928.291386707773
6911.466645366089
6442.595137125979
6288.484483721767
7000.405885967112
6772.641329520304
6610.662829241718
7223.009299447523
6852.025021419987
7260.956060460888
6555.807370515832
6589.537503695715
6530.386056825501
7400.483259563074
6367.058310913472
7013.089266722131
6940.583687875344
6740.322280583606
6779.3972085858
7291.210541465145
7458.184398233097
7728.1558631471025
7218.827782450594
7052.9095367347345
7006.459543906305
6824.834939133361
6590.17354089128
7055.094244295657
7259.5410236861935
7415.06771237307
6732.357969545098
7196.322567097868
6929.043063114897
6881.813747427732
6668.202558945827
7100.11548802538
6967.850821473571
6778.227830213842
6430.970737688955
7145.891389712493
6921.635724281978
7320.001822265425
6933.371373083847
6795.975830934114
6716.172643320917
6284.357793009987
7173.885675032409
6346.247746175726
6698.127077681292
6961.514384161673
7062.273875688831
6688.160446151752
6915.377847463744
6500.604510668651
6519.215529817498
7358.432659722618
6423.328298590674
6559.020237169413
6827.6438567619825
6569.702892911453
6667.423153842893
6999.860278120955
7079.69071021151
6724.355004201809
7014.233644487993
6562.1772354751865
6799.45426854412
6714.479006058729
6737.746193846625
6967.020399927682
6879.904371042655
6394.1146243525
6906.828474287706
6529.526770494558
6959.86267774981
6558.987892648587
6852.578675764003
6491.183020505067
6322.59813110999
6910.867822704821
6872.692253295833
6941.400530748006
6777.9847369653635
7367.597238402598
7041.088662594436
6942.652304822476
6947.123711759609
6331.77160127189
6711.933391494308
6856.877647899378
7397.645163546615
6843.502373565811
7341.73058098378
6935.703351472043
6913.792295477336
6508.135023596643
6960.644279800331
6981.256680595952
7212.212254392745
6809.694731953919
7059.413533778535
6548.8571702938325
6880.138714753459
6537.667796076653
6770.52832857652
6323.692429346106
6609.024907708014
6491.915202965049
6423.6954047893305
6488.599082579423
6553.955781008316
7060.950712560646
7651.3732036284555
6905.38821149804
7044.4702710412375
6306.464856132951
6595.138781339697
6495.949519731458
6859.54126402374
7061.621617083544
6225.988211977755
7001.8532198219755
7020.039005689068
6773.913108585528
6798.07154697384
6760.236508369311
6644.1307037205615
6443.498988365891
6589.7326476135995
6410.070532208991
6779.1973023941355
7398.949936638845
6394.135836657839
7245.866892826723
6974.683147478021
6479.277683231619
6761.814359899659
6629.258996813737
6938.366948020147
6872.062532311969
6804.8431521761795
6962.343096621702
6918.023077304885
6397.436562859977
6939.372842661426
7126.155884911351
6616.35949208108
6897.004552174953
6542.665721132027
7155.838352866142
7097.515106514268
6567.430397779213
6899.607103003212
6914.3270463406625
6347.635863769905
6649.614867561541
6467.864145573401
6705.3714358863435
6800.821844647976
7204.35119330183
7055.479195807481
7225.345250199501
6468.847611575704
6443.0831505181595
6230.204946951169
7090.2129902150255
7069.172889989307
7168.708948689823
7006.77916718941
6976.2763072350435
6633.773223440419
6701.300183904265
7003.098343872512
6630.887753429711
6887.250050608089
6343.016013255554
6286.391216316322
6619.437114456657
6382.234678973195
6263.677350801493
6511.413361083955
6681.001498893118
6494.459897876544
6942.38732424242
6832.035374544333
6223.314372049402
6595.055697454478
6857.667223733331
6935.322711718577
7342.291130149018
6539.634851593047
7222.428177387059
6396.915888095662
6598.469522276589
6912.862319301905
7067.989061171087
7407.468041339559
6661.328684955818
6376.824180826844
6806.3940659050495
6949.43100813727
6893.470446347705
6441.518566267638
6394.994837705373
6583.673330223495
7136.901445699784
6909.7647863030315
6637.479622291289
6587.745898837342
7035.78290310816
6629.351286477222
6329.430813448337
6333.48733442934
6911.682303908974
6719.539139972403
6955.989592317393
6880.753305729343
6905.065112663087
7012.347554119599
6440.31852599176
6793.5509805267075
6711.892401238519
7369.796163501183
6685.978619423471
6687.132905130974
6706.016157693247
7096.636959471253
7648.005994267163
7069.5682238464415
7123.549064096312
7009.200041995985
6574.912091818742
6634.165481422916
7019.332261058623
6623.733447234666
7431.089929605337
6613.459103218495
6257.837033331296
6472.744020599533
6710.493721469452
6424.746118290809
6780.635009699137
7057.495268908642
6082.102375845498
6657.981488208494
6718.230062490893
6678.84291497476
7218.774676919845
6875.798524170217
7020.566581193146
6873.409272414447
7237.847858974252
6853.860475719797
7884.892543453619
6817.914549222158
6371.525784312082
6545.892986641514
7144.626839561695
6998.096056382475
7159.518746693656
6885.302780514869
7284.322384781373
6744.337604438291
6750.9959349868
6772.324116706967
6866.650272093479
7613.4760672352695
6807.025713570619
6783.0569082461925
7093.766732281291
7305.824248654488
6202.650536918647
7019.932026230531
6866.31757581587
6966.283190575143
7047.33672433461
6914.126077202639
6993.921758654513
6761.814350495045
6537.329419610791
6730.377266512578
6640.699885002943
7471.247590645267
7324.923605344496
6466.795358208202
6811.377227810586
7308.512903875136
6613.6608893534085
7469.046810001687
6923.5777630609855
7616.503644071977
6625.389842710926
6703.86517015629
7648.473653265784
6898.957916973274
6504.625123936298
6833.195834074213
6703.562144110121
6684.351163188924
6807.445882603563
6648.867760740719
7476.667271065047
6664.105089225237
6927.9629992297005
6838.305601915018
6638.3228632103
6810.430231327685
6909.21069386452
7565.046259641584
6615.440431769546
6536.186670191369
7319.668188475855
7102.409566932033
6985.273051415229
7293.434721742359
6744.076927497867
6988.56533847417
7311.661839534553
6873.024071865394
6603.269145475797
6883.474260138008
7557.675566437418
6801.1253331970065
6459.617701938844
6576.609388538494
6667.607607887137
6417.567353777368
6853.633498038371
6733.595556654962
6886.593753637703
6998.616535839156
6323.8137868979475
7144.82897097365
6905.594145387343
7107.694846890246
7129.966216711708
6569.903986142565
6935.142965580935
6688.231288259179
7022.010117265139
6547.5925018811195
7438.947601858208
6983.994462327975
7110.964250317635
6826.739818495223
6461.936695437702
6812.166384802904
7107.72060347062
6846.441549811438
6841.085605595903
7016.450669394761
6827.797431899413
6968.134311018148
7046.933888716586
6728.975152664659
7181.685680354178
7291.539645375598
7132.229380686171
7104.789948066742
7347.44060345625
7364.904878960583
7060.837577082363
6840.571967348849
6993.729789317964
7022.380683886396
7063.191143910822
6873.502798902714
6628.312012559247
6854.795494271297
7108.130225711719
6934.008554311732
7044.4801058113
6554.001923461711
6991.8060598515085
6859.568289374505
6835.560077884474
7073.238254569193
6419.758169088749
7155.535478764626
7314.315600595708
7408.127247172023
6691.685668466164
7010.383027695299
7010.47890644955
6616.437179043912
6753.988764694865
6994.6804464738125
6576.170855810825
6474.398169559724
6843.975075474383
6832.269353826649
7127.676431143909
6744.0146227785235
6576.686935365043
6563.1567743764235
