6986.05889067961
6489.46947335381
7295.56533708765
7646.69321705075
6521.47971783246
6855.090051383939
6255.41533205929
6529.350089470402
6802.920351562768
6495.925514065114
7939.629479744006
6110.362369491343
7300.008069472289
7295.813253138695
6735.31368802669
6902.19077283544
7874.612461660084
6857.340931125569
7031.387329363417
6712.352627391017
6784.005969508967
6703.82580867843
7447.3065637037
6553.587231249368
7098.408068933159
6559.986153369304
6227.058988245748
7595.9436836563045
6994.94018947174
6601.203724413035
6805.2754953452995
6565.057869946313
7178.176170417755
8116.187581215875
6266.30035614407
7340.851261748282
6663.394428364617
6637.264979524325
6714.4993580826795
6448.669509298984
7399.523145963919
6726.727580402387
6312.4144435567805
6725.251463725993
7255.887213757713
6577.854301227901
7330.801669699321
6487.449187013097
6323.181353882502
6468.039940089551
6891.231815687429
6786.602273261923
7221.807613391538
6529.499940255455
6339.678498265894
6556.341883154161
6591.20891659003
6491.452950458979
7188.913281650202
6638.434342489073
6860.2411421545285
6565.8566820783135
6618.519954657559
6671.498191245936
6858.448411465116
6633.183852889733
6756.608839844405
7333.978021771315
6405.033293937606
7094.736533234834
6712.757698542425
7109.291980037549
6974.896847974222
6256.775978135305
6785.203679855733
7235.719034767693
6880.527797965471
7067.363097217507
6359.270521972111
7533.46316454229
7079.428320795331
6972.980320088489
7019.403611007221
6552.848136769068
6219.378426408767
6529.032289667153
6699.582140725082
6500.636327372217
7125.952671784092
6576.914706898182
6771.132297157044
6192.831921514246
7316.080306071001
6983.109244439699
6062.457307766574
6733.082726906231
7183.092475842951
5785.9946049598575
6732.822907427149
7185.284991957824
6748.80535733897
7055.026719319167
6690.066208975979
7257.566472411214
6897.082905478543
6488.38941442541
6638.274292931302
7660.919466923696
7400.208681379928
6305.3523087854655
6735.190661053507
6064.992303180136
6924.61909421626
6555.241066876421
6542.020597533258
6234.836818142364
7031.113146902728
6399.365514988668
6493.071358485887
7153.35168413221
6461.200258286705
6877.242785576431
6798.119292312045
6655.935983661817
7154.194580305294
6497.558475353038
6515.984348560913
7175.451688338416
6596.116059272503
6411.737475776962
7218.420570212154
6431.4629702397315
6513.612475770458
7019.295770085691
6175.133698454831
6227.889083539219
6666.478187175507
7584.636732076822
7174.2129241213515
6816.304913333636
7149.179507102914
6532.802353488898
6908.4818880181265
6636.336080846949
7021.023531606505
6272.2236386524
6113.614175033814
7632.105041271165
6642.261024875445
6822.488249903984
6919.130700940802
7240.775267407347
7267.058766834833
6513.127726609373
6131.092866824337
7517.213455719939
6862.429471992006
6540.724547488245
7122.740202201236
6260.526582383229
6824.292042126855
6599.3219020987935
7792.113087207726
7251.126962484594
7195.098509066863
6867.595382913076
7283.619927197499
7355.304306523996
7190.747502575289
6982.89661324193
6390.43879595631
7031.858026018209
7109.356962350284
6567.747849372098
7966.7565040241525
7211.5085857229105
7269.8859174467225
7144.573164428343
7367.812039405945
6613.769998001152
6362.437657676892
7039.649324657854
6889.038918543902
6091.912356281546
6845.259878360812
6653.890782219798
6699.23340456133
6982.089315135349
6954.718997788621
6639.835163420711
7093.3739198544135
6619.57224002487
6567.1587300429155
7055.6291918368515
7400.69625505882
6713.604120839525
5992.18111188971
6734.627456343558
6187.730515999949
6830.100247977022
7101.291494186576
6897.079930741731
7014.600597676805
7296.714982993064
7138.239790914656
6624.455318652384
6714.885492341743
6524.496754428296
6655.72664527619
6791.23401343838
6785.105235025084
6352.663915032947
6328.244873759091
6864.513611892407
6623.641384749149
6721.17698175676
6687.279668278143
6107.427022507992
6656.127890477071
7863.999629749396
6913.931339699032
7075.712457898244
6468.549284392626
6398.086545526337
7922.1207860891645
7144.227734115118
6511.940155127414
6473.035965711293
7096.337513086971
6128.4427700767665
6931.5271085450495
6370.856838181885
6852.71086005761
6671.431230686325
8252.582718336598
6380.633162349808
6674.584754867894
7605.91213854346
6249.753897454297
6656.778640637846
7119.775304371282
7220.925215413932
7406.93868274127
6428.872820996659
6852.330471399034
6578.347545823517
6241.270554258514
6597.986757339662
6641.170113698814
7057.630877321282
6366.141856509964
7251.882757296399
6879.247922059819
6793.3444999147
6515.382668590305
7032.007893472947
6845.781753904131
6522.4195609627495
7379.386165035553
7116.807407400907
6882.717697838874
6772.981774104434
5943.15325866685
6530.541671053726
7093.6548163680745
6135.732031958757
6817.713836130308
7002.085347608253
7077.103612017503
6364.951104570932
6661.051516778701
7046.04513521559
6954.55727743678
6828.939198635677
6762.849972983082
6992.560857374487
7412.256351748471
6867.765617119684
7846.451801985675
7482.2210762637515
7553.935772276163
7020.376019001714
6887.247683199811
6669.03048738948
6825.952107515527
6432.0667798899885
6431.041907828293
6765.802346726445
6057.173608366625
7057.043494780587
6871.525013183286
6582.89560651062
7275.239399304218
7891.440900407507
7058.206430459693
6500.097922922439
6344.550507197247
7138.648856571877
7325.11582339251
6681.802329585494
6102.359039373074
6820.578300132878
6958.739668722148
7111.832619902982
6941.132243689315
7052.403625996618
7181.082750127566
7008.442283676039
6825.182427553204
7379.096565366242
6190.714073045283
6376.654630250332
6811.654008654547
6628.011159822922
6783.8751283752035
6987.3913934204575
6744.458586136795
6880.000869881137
6328.0578302504955
6901.1757802752945
6751.974947953017
7204.736362776122
7065.493755438475
6765.793739620919
6806.201498054152
7325.549209310596
6389.916424756952
6346.267258342917
6459.487607931603
6819.431837146245
6538.579911999742
7160.170570581089
6721.4947614250705
7181.992807215839
6704.61086997323
6958.282686419395
6465.020210172739
6627.890097411084
6872.250808364181
6378.92034290899
7331.09165831601
7435.326173219507
6733.737407931993
6757.581548777069
6868.248073232156
6660.195671533565
6876.495161996146
6663.31588836511
6612.314727942859
6451.768330536019
7416.399285579189
6736.844874826536
6441.786421868589
6564.395345330187
7117.841349523285
7073.746551265326
6614.134613489811
7141.536366474746
7284.826190599101
7620.924370943501
7336.862965336897
6903.756731193033
7087.529157093157
6506.318381916804
7130.796339562297
6880.4486119684
7010.150697657203
6348.395327959386
6754.486534375074
7415.037914824996
6486.975363610676
6426.233839899924
6937.174570186779
7224.661611089579
6886.729627819173
6856.584876684501
6841.422788119601
7433.308252279735
7431.135452184019
6361.574081464861
6486.788317771638
6967.44311537485
7480.064703360797
6870.715727534625
6670.444638218975
6834.825023486202
6519.290796476246
7716.855752004526
6603.948435067051
6348.974420665445
7719.227316595817
6666.122483317275
6526.564198645852
6909.306046135978
6731.170646328596
6771.300819545796
6949.260881618052
6238.867293409747
6669.984397358681
6568.277034311258
7139.338997173595
6666.883367665999
7171.754389797902
6697.726847639339
6495.3061169545745
7020.397253137903
7706.784579145141
7529.942998043628
6903.037465695248
6751.059000662777
6619.620716539453
7058.164027676334
6806.7104405669925
6370.938537443982
7318.362342100573
6502.8649922573395
7054.087444473606
6721.809899493429
6226.135622395059
7429.596335582875
6634.240703511994
6329.984839893283
6985.989318182449
7067.655810444829
6657.63483892887
7668.97429447246
6696.670794156894
7223.950198248674
7319.712126768876
6786.56331323988
6761.937073544468
7317.457037866197
6964.807438095745
6838.848731389103
6717.758907513614
6909.386564252069
6522.190198941081
6205.7163668346175
5992.121439998981
7072.838967556103
7708.4559721839105
6745.7642519510055
7041.965943268517
6795.449779126557
6828.174434394189
6387.356762309725
6938.963573199764
7179.614063507724
6801.809397922437
6827.423554267366
6818.886097270463
6552.298024421872
7045.5610969510535
6226.787799150333
6322.487314453497
6396.911520565877
6544.38120591184
6098.806477329091
6469.48713002059
7489.202374477665
7078.673006771343
6470.424219711441
7068.826395318401
6582.795186705181
6548.334136338993
6610.748518993505
7164.921993817181
6734.565076459981
6684.0582605926975
6657.844631745102
7138.072322313883
7173.232008456923
6834.882004169008
7033.832574849284
6924.731259983961
6542.129100383206
6510.988545531042
6563.243321486506
6331.350589324075
7084.938950503909
6813.268497717265
6000.640505764551
6664.385493981533
6632.020694494608
7386.8365790947455
7246.949738270864
7006.583365377859
6521.474352099095
7038.901638229916
6646.675980776999
6508.912649377265
6348.953844785039
7209.653290258041
7371.820118814498
7038.561494697359
6257.95765448258
6515.668790626228
6775.848002802089
8171.847907838506
6905.635809630588
6764.832687331146
6594.22214567774
6980.195178961776
6651.60445756982
7103.221204375133
7091.860204749178
6824.9013316680075
7366.0090767024485
6964.249311396435
7462.219875174905
6966.339413147241
6884.254741024722
6585.520926372261
7168.524892832513
6964.213511038001
7169.369618065193
6764.866357341143
6585.114554599095
6607.135656272948
7340.180104644315
6748.6483201924775
6276.961394159362
7015.995659249148
6494.6446961228075
6766.4249438077095
7255.020648198444
7642.986284430753
7045.923281276375
6799.389170720309
6646.409127984104
7159.815527289895
6096.443850534326
6750.470177237502
6182.863595221382
6574.499350223328
6411.287984157142
6348.191266440263
6476.19922537879
6741.400419110681
6500.31525340661
6835.68740285602
6908.187596197747
6079.18018334065
6040.773474837974
6617.704121350136
7552.152074381062
6910.684052287372
7272.783120455599
7043.545748842099
6603.273392707476
6535.220324786865
7229.775287820429
7291.630135505274
6468.539153213285
6566.389447220206
6505.142804127766
7282.954340102469
7016.027021640211
6706.368062917937
6425.248876199686
6077.660706461829
7201.024503744706
7376.52409330374
6524.760923420877
6859.969467584442
7299.282253672664
6799.017674456275
7041.626381542258
7048.86103046869
6097.686161279361
7076.857253828124
7027.9003079502145
6526.58733718503
7001.198730572448
6174.70991806901
6541.63449139588
6632.100902395191
6506.31616401164
7301.979527080025
6913.185477516859
6313.744331253037
7927.044308572174
7336.711314763831
6487.267748448565
6256.195126016523
7328.614290411016
6677.133202176663
6250.552444339321
6904.492457435474
6913.563327572106
7203.4655653982645
6391.357263820149
6679.410213795583
6876.147850096209
6989.806220647597
7331.832187751509
7388.856574257846
6647.541976032477
6601.589131469444
6258.35027177557
7620.845538245508
6686.389582116259
6337.570053910298
7107.313092562142
6743.373352636083
6589.997086756914
6857.124909903939
6812.37635981713
6790.315130114024
6984.460496524502
7085.897048978405
7531.087511267702
7353.567685719183
6446.360201688718
6292.278571425031
6785.68436039736
6220.22617626981
6799.3008329478
6204.646809876758
7821.174155725258
6838.631971656871
6372.83064465294
7287.104160435388
7049.931071668569
7048.999565032083
6536.153423065124
6852.066585870635
6664.769582853852
6714.993063171276
6084.149117085204
6952.900881313304
7444.808995978704
7032.285097616372
6313.7245656779005
6642.654314730227
7349.219175060157
6962.766254542639
6812.1712287014725
6923.999888029573
7553.212060908782
6482.522722480384
6799.934732830826
7631.344852997452
6387.102418007273
7266.4351082424355
6580.301920816854
6765.304163734915
6822.016796605796
6479.344734251699
6653.964327972929
6871.7053607323105
6838.497445955448
6833.3708146894805
6628.885357533726
7569.110275393441
7104.197825500208
6233.347263181245
6225.0947446075525
6293.545436447758
7191.901269907633
7023.5861101276305
6760.052370009721
7053.499707566585
6386.325326605192
7095.519930420936
6685.825213578971
7071.799313502408
6845.90952746935
6556.202396123231
7014.76053746636
6522.575888624729
6833.286637864024
6816.783752480886
7075.650784314153
7581.006573096511
6176.621793145961
6639.893605124143
7237.704223465653
6526.800848346036
6425.179957015525
6686.285123913947
8110.225203064505
6807.7581822031425
6709.785836848037
6571.511885928961
6525.2269591458235
6607.054693044464
7044.135343900579
6772.455996239479
6899.482564673175
7064.309805667007
6457.3867837896705
6632.065658948906
7268.62843254653
6931.757042176122
7533.3924719090965
6856.752419397251
6669.861488617852
7194.724723546238
6259.474336030429
6715.732698343514
6512.24397172738
7299.449907235653
7439.641712649382
7194.532381237841
6308.5781601814915
6702.836389291195
6240.796277856361
6262.7350660439015
6419.395354399322
6694.187155481765
7352.359125037707
6875.866473075575
6763.167299399896
7393.832157430748
6281.245665261118
6340.81228873631
6666.210553524183
6610.11397695674
6014.79160528359
7622.108551152229
6852.285664759146
7480.790752988588
7211.849939394663
7185.330064498305
6505.547633714587
7131.866726877725
7698.955232829886
6553.116633308297
7203.826806136373
6702.806149126549
7429.091669036697
7013.483876681968
6972.80509666522
6648.567493196664
7019.337462545538
6667.971639090509
6576.94219622106
6959.305918468022
6275.519395789313
7121.654717671082
6934.193805153872
6976.684756526853
6644.04210499035
7198.47782457831
6929.676903188997
6604.3469552245415
6877.6164988442415
6139.387412071921
7068.741617625244
7062.988306300965
7734.698226859063
6468.6102707321415
6852.427388136315
6775.785689357966
6723.704581877677
6452.829384412129
6514.806120176727
6899.360437826965
6338.157577913313
6520.6037160764745
7223.311591625048
7004.376060969345
6549.4166748380385
6259.293852577314
6075.345493471584
6807.8274485378115
6843.916287383301
6455.14449290981
6705.560263188843
7319.544562034441
6545.233310072494
6792.71554798493
6522.87189212697
6600.610842701916
7293.157896693097
6626.209890230607
6523.576571816688
7278.883060985401
6745.077065828258
6334.282629373445
7382.183572560261
7439.336445357723
6514.831344476174
6704.741517605027
6329.234940068618
6196.835934686948
6838.294528873248
7777.587544520298
7035.919364095645
6347.138384209454
6750.098359396424
6411.538164369168
6579.437802019666
7019.035136636732
6708.558628237434
7174.6590489485925
6632.016092177236
7477.2990789402675
6830.289842869543
6898.580787995962
6317.090902559269
6278.967806794814
6848.539036931633
6618.645787237788
6669.102326191
6846.465028607031
6611.114222183397
6740.770134684869
6751.969288662264
6464.931985430858
7098.337936369745
6268.525879170392
6912.970593919085
6401.510316984398
7419.158112592082
7061.553566188281
7086.962989136947
6585.884332087583
6688.21137275945
6531.869722030288
7176.043238392339
6514.4951445191455
6782.0383474389055
7019.723705542555
6378.5508573496945
7786.366148979376
6668.063366383889
6697.187580432091
6951.628849685958
6685.685443788433
6126.606899741808
6463.073425703041
7238.46797398946
7579.88424507528
7166.883856371973
7077.86166347408
6817.314368918261
6535.2061138983845
6914.638556797799
6528.47738641526
7190.350736030039
6439.356971337138
7269.185358200938
7153.332670903686
6463.976128456989
6875.176854640275
7054.178153592877
6481.7979685721475
6643.299231021021
6693.453506310125
6691.218493816348
6797.292724430647
6609.054818757127
6856.759119307145
7290.000600287645
6718.0229791922475
7125.792096903653
7357.026756891512
6268.096550745651
6245.479827251261
7254.340109631012
7573.252594767959
6708.066343483629
6987.644073862696
7195.69414753096
6890.611707752275
6985.465393807164
7362.937912377078
6777.4836173325275
6776.8729326168705
7623.541536257307
7711.62401262169
6410.352386506345
6727.007659682973
6406.849575335286
6493.736857271588
7310.868031931698
6312.330711636721
6468.009590992193
7077.669378993378
6227.161311786905
6460.202374211998
8005.016423804297
7040.357929843366
6639.944207794445
6060.087707720326
6917.439196884051
6383.115935252508
6828.213575650814
6434.397106967665
6274.87466086118
6418.434218705732
6733.102210857977
6982.711105367304
7690.2178163327835
7257.996737652272
6823.341110453642
7647.43432837197
6834.403560552857
6268.827546974513
6483.430568150813
6321.5200124377425
6575.587164060517
6801.400934190599
6485.853318134168
6684.649884065845
6417.656449049265
6790.962973928398
6392.394356022081
6817.521736723972
6389.898870573247
6918.015355483958
6952.069480476322
6240.574245595951
6638.099191023351
7058.915531397693
6728.521481438202
7341.166208332688
6843.012685600196
6660.626292137405
7136.3183934220215
6795.067381940962
7221.319441495775
6898.7347899902015
7578.889993110486
6290.061681584944
7270.551560108833
7283.711847458851
7029.470900390621
6871.496712857091
7202.72199556568
6757.058790046395
6867.65402062514
6747.857614116877
6012.454300240221
6708.652224626873
6887.1852442487525
6914.682805860874
6415.00960305972
6649.393565589734
6003.847681987269
6461.732439150231
6602.567432777873
6576.647957346036
6697.107675855828
7021.234483540249
6101.033606048615
6525.537906073767
6704.706917136032
6453.3444931509375
6177.382877000891
6312.475125475769
7190.489258153716
6610.9597819192795
6630.473714440968
6605.00095421133
6857.837065134941
6833.340769332926
7119.778748511692
6943.125692102432
7190.666402009663
6605.427944396056
6814.498943988318
7181.541002504722
7033.90423133042
6897.108269230354
6376.362321923057
6809.565262556169
7015.904487160129
6676.914532371364
6760.8293738672055
7043.272371888406
6864.56212953854
6805.77923503437
6755.321705081207
6299.987476401329
6391.357440459926
6619.116221315012
7830.355292377329
6898.128184971108
7017.8530020063845
7005.302859775289
6917.858336067408
6505.984783941304
7230.121160948722
6436.206960770518
6731.96419300953
7021.31312496894
6195.8064146316665
6790.178530875791
6365.721916116946
7262.33843888893
6571.380908137238
7240.023104908444
6711.472990228811
7282.40576489538
7054.258218908458
7119.9148721741485
6456.152662746188
